107
106
0 b 1 0
1 @ 2 0
2 e 3 0
3 @ 4 0
4 g 5 0
5 @ 6 0
6 i 7 0
7 @ 8 0
8 n 9 0
9 @ 15 0
10 i 11 0
11 @ 12 0
12 f 13 0
13 @ 15 0
14 @ 0 0
14 @ 10 0
15 @ 25 0
16 t 17 0
17 @ 18 0
18 h 19 0
19 @ 20 0
20 e 21 0
21 @ 22 0
22 n 23 0
23 @ 25 0
24 @ 14 0
24 @ 16 0
25 @ 37 0
26 w 27 0
27 @ 28 0
28 h 29 0
29 @ 30 0
30 i 31 0
31 @ 32 0
32 l 33 0
33 @ 34 0
34 e 35 0
35 @ 37 0
36 @ 24 0
36 @ 26 0
37 @ 43 0
38 d 39 0
39 @ 40 0
40 o 41 0
41 @ 43 0
42 @ 36 0
42 @ 38 0
43 @ 51 0
44 e 45 0
45 @ 46 0
46 n 47 0
47 @ 48 0
48 d 49 0
49 @ 51 0
50 @ 42 0
50 @ 44 0
51 @ 55 0
52 + 53 0
53 @ 55 0
54 @ 50 0
54 @ 52 0
55 @ 59 0
56 - 57 0
57 @ 59 0
58 @ 54 0
58 @ 56 0
59 @ 63 0
60 / 61 0
61 @ 63 0
62 @ 58 0
62 @ 60 0
63 @ 67 0
64 : 65 0
65 @ 67 0
66 @ 62 0
66 @ 64 0
67 @ 73 0
68 : 69 0
69 @ 70 0
70 = 71 0
71 @ 73 0
72 @ 66 0
72 @ 68 0
73 @ 77 0
74 < 75 0
75 @ 77 0
76 @ 72 0
76 @ 74 0
77 @ 83 0
78 < 79 0
79 @ 80 0
80 > 81 0
81 @ 83 0
82 @ 76 0
82 @ 78 0
83 @ 89 0
84 < 85 0
85 @ 86 0
86 = 87 0
87 @ 89 0
88 @ 82 0
88 @ 84 0
89 @ 93 0
90 > 91 0
91 @ 93 0
92 @ 88 0
92 @ 90 0
93 @ 99 0
94 > 95 0
95 @ 96 0
96 = 97 0
97 @ 99 0
98 @ 92 0
98 @ 94 0
99 @ 103 0
100 = 101 0
101 @ 103 0
102 @ 98 0
102 @ 100 0
103 @ 107 1
104 ; 105 0
105 @ 107 1
106 @ 102 0
106 @ 104 0
