431
390
1 @ 2 0
3 @ 4 0
5 @ 6 0
7 @ 8 0
9 @ 15 0
11 @ 12 0
13 @ 15 0
14 @ 0 0
14 @ 10 0
15 @ 25 0
17 @ 18 0
19 @ 20 0
21 @ 22 0
23 @ 25 0
24 @ 14 0
24 @ 16 0
25 @ 37 0
27 @ 28 0
29 @ 30 0
31 @ 32 0
33 @ 34 0
35 @ 37 0
36 @ 24 0
36 @ 26 0
37 @ 43 0
39 @ 40 0
41 @ 43 0
42 @ 36 0
42 @ 38 0
43 @ 51 0
45 @ 46 0
47 @ 48 0
49 @ 51 0
50 @ 42 0
50 @ 44 0
51 @ 55 0
53 @ 55 0
54 @ 50 0
54 @ 52 0
55 @ 59 0
57 @ 59 0
58 @ 54 0
58 @ 56 0
59 @ 63 0
61 @ 63 0
62 @ 58 0
62 @ 60 0
63 @ 67 0
65 @ 67 0
66 @ 62 0
66 @ 64 0
67 @ 73 0
69 @ 70 0
71 @ 73 0
72 @ 66 0
72 @ 68 0
73 @ 77 0
75 @ 77 0
76 @ 72 0
76 @ 74 0
77 @ 83 0
79 @ 80 0
81 @ 83 0
82 @ 76 0
82 @ 78 0
83 @ 89 0
85 @ 86 0
87 @ 89 0
88 @ 82 0
88 @ 84 0
89 @ 93 0
91 @ 93 0
92 @ 88 0
92 @ 90 0
93 @ 99 0
95 @ 96 0
97 @ 99 0
98 @ 92 0
98 @ 94 0
99 @ 103 0
101 @ 103 0
102 @ 98 0
102 @ 100 0
103 @ 107 0
105 @ 107 0
106 @ 102 0
106 @ 104 0
109 @ 113 0
111 @ 113 0
112 @ 108 0
112 @ 110 0
113 @ 117 0
115 @ 117 0
116 @ 112 0
116 @ 114 0
117 @ 121 0
119 @ 121 0
120 @ 116 0
120 @ 118 0
121 @ 125 0
123 @ 125 0
124 @ 120 0
124 @ 122 0
125 @ 129 0
127 @ 129 0
128 @ 124 0
128 @ 126 0
129 @ 133 0
131 @ 133 0
132 @ 128 0
132 @ 130 0
133 @ 137 0
135 @ 137 0
136 @ 132 0
136 @ 134 0
137 @ 141 0
139 @ 141 0
140 @ 136 0
140 @ 138 0
141 @ 145 0
143 @ 145 0
144 @ 140 0
144 @ 142 0
145 @ 149 0
147 @ 149 0
148 @ 144 0
148 @ 146 0
149 @ 153 0
151 @ 153 0
152 @ 148 0
152 @ 150 0
153 @ 157 0
155 @ 157 0
156 @ 152 0
156 @ 154 0
157 @ 161 0
159 @ 161 0
160 @ 156 0
160 @ 158 0
161 @ 165 0
163 @ 165 0
164 @ 160 0
164 @ 162 0
165 @ 169 0
167 @ 169 0
168 @ 164 0
168 @ 166 0
169 @ 173 0
171 @ 173 0
172 @ 168 0
172 @ 170 0
173 @ 177 0
175 @ 177 0
176 @ 172 0
176 @ 174 0
177 @ 181 0
179 @ 181 0
180 @ 176 0
180 @ 178 0
181 @ 185 0
183 @ 185 0
184 @ 180 0
184 @ 182 0
185 @ 189 0
187 @ 189 0
188 @ 184 0
188 @ 186 0
189 @ 193 0
191 @ 193 0
192 @ 188 0
192 @ 190 0
193 @ 197 0
195 @ 197 0
196 @ 192 0
196 @ 194 0
197 @ 201 0
199 @ 201 0
200 @ 196 0
200 @ 198 0
201 @ 205 0
203 @ 205 0
204 @ 200 0
204 @ 202 0
205 @ 209 0
207 @ 209 0
208 @ 204 0
208 @ 206 0
209 @ 352 0
211 @ 215 0
213 @ 215 0
214 @ 210 0
214 @ 212 0
215 @ 219 0
217 @ 219 0
218 @ 214 0
218 @ 216 0
219 @ 223 0
221 @ 223 0
222 @ 218 0
222 @ 220 0
223 @ 227 0
225 @ 227 0
226 @ 222 0
226 @ 224 0
227 @ 231 0
229 @ 231 0
230 @ 226 0
230 @ 228 0
231 @ 235 0
233 @ 235 0
234 @ 230 0
234 @ 232 0
235 @ 239 0
237 @ 239 0
238 @ 234 0
238 @ 236 0
239 @ 243 0
241 @ 243 0
242 @ 238 0
242 @ 240 0
243 @ 247 0
245 @ 247 0
246 @ 242 0
246 @ 244 0
247 @ 251 0
249 @ 251 0
250 @ 246 0
250 @ 248 0
251 @ 255 0
253 @ 255 0
254 @ 250 0
254 @ 252 0
255 @ 259 0
257 @ 259 0
258 @ 254 0
258 @ 256 0
259 @ 263 0
261 @ 263 0
262 @ 258 0
262 @ 260 0
263 @ 267 0
265 @ 267 0
266 @ 262 0
266 @ 264 0
267 @ 271 0
269 @ 271 0
270 @ 266 0
270 @ 268 0
271 @ 275 0
273 @ 275 0
274 @ 270 0
274 @ 272 0
275 @ 279 0
277 @ 279 0
278 @ 274 0
278 @ 276 0
279 @ 283 0
281 @ 283 0
282 @ 278 0
282 @ 280 0
283 @ 287 0
285 @ 287 0
286 @ 282 0
286 @ 284 0
287 @ 291 0
289 @ 291 0
290 @ 286 0
290 @ 288 0
291 @ 295 0
293 @ 295 0
294 @ 290 0
294 @ 292 0
295 @ 299 0
297 @ 299 0
298 @ 294 0
298 @ 296 0
299 @ 303 0
301 @ 303 0
302 @ 298 0
302 @ 300 0
303 @ 307 0
305 @ 307 0
306 @ 302 0
306 @ 304 0
307 @ 311 0
309 @ 311 0
310 @ 306 0
310 @ 308 0
311 @ 315 0
313 @ 315 0
314 @ 310 0
314 @ 312 0
315 @ 319 0
317 @ 319 0
318 @ 314 0
318 @ 316 0
319 @ 323 0
321 @ 323 0
322 @ 318 0
322 @ 320 0
323 @ 327 0
325 @ 327 0
326 @ 322 0
326 @ 324 0
327 @ 331 0
329 @ 331 0
330 @ 326 0
330 @ 328 0
331 @ 335 0
333 @ 335 0
334 @ 330 0
334 @ 332 0
335 @ 339 0
337 @ 339 0
338 @ 334 0
338 @ 336 0
339 @ 343 0
341 @ 343 0
342 @ 338 0
342 @ 340 0
343 @ 347 0
345 @ 347 0
346 @ 342 0
346 @ 344 0
347 @ 351 0
349 @ 351 0
350 @ 346 0
350 @ 348 0
351 @ 352 0
351 @ 353 0
352 @ 350 0
352 @ 353 0
354 1 355 0
355 @ 359 0
356 2 357 0
357 @ 359 0
358 @ 354 0
358 @ 356 0
359 @ 363 0
360 3 361 0
361 @ 363 0
362 @ 358 0
362 @ 360 0
363 @ 367 0
364 4 365 0
365 @ 367 0
366 @ 362 0
366 @ 364 0
367 @ 371 0
368 5 369 0
369 @ 371 0
370 @ 366 0
370 @ 368 0
371 @ 375 0
372 6 373 0
373 @ 375 0
374 @ 370 0
374 @ 372 0
375 @ 379 0
376 7 377 0
377 @ 379 0
378 @ 374 0
378 @ 376 0
379 @ 383 0
380 8 381 0
381 @ 383 0
382 @ 378 0
382 @ 380 0
383 @ 387 0
384 9 385 0
385 @ 387 0
386 @ 382 0
386 @ 384 0
387 @ 391 0
388 0 389 0
389 @ 391 0
390 @ 386 0
390 @ 388 0
391 @ 430 0
392 1 393 0
393 @ 397 0
394 2 395 0
395 @ 397 0
396 @ 392 0
396 @ 394 0
397 @ 401 0
398 3 399 0
399 @ 401 0
400 @ 396 0
400 @ 398 0
401 @ 405 0
402 4 403 0
403 @ 405 0
404 @ 400 0
404 @ 402 0
405 @ 409 0
406 5 407 0
407 @ 409 0
408 @ 404 0
408 @ 406 0
409 @ 413 0
410 6 411 0
411 @ 413 0
412 @ 408 0
412 @ 410 0
413 @ 417 0
414 7 415 0
415 @ 417 0
416 @ 412 0
416 @ 414 0
417 @ 421 0
418 8 419 0
419 @ 421 0
420 @ 416 0
420 @ 418 0
421 @ 425 0
422 9 423 0
423 @ 425 0
424 @ 420 0
424 @ 422 0
425 @ 429 0
426 0 427 0
427 @ 429 0
428 @ 424 0
428 @ 426 0
429 @ 430 0
429 @ 431 1
430 @ 428 0
430 @ 431 1
