77
36
0 1 1 0
1 @ 5 0
2 2 3 0
3 @ 5 0
4 @ 0 0
4 @ 2 0
5 @ 9 0
6 3 7 0
7 @ 9 0
8 @ 4 0
8 @ 6 0
9 @ 13 0
10 4 11 0
11 @ 13 0
12 @ 8 0
12 @ 10 0
13 @ 17 0
14 5 15 0
15 @ 17 0
16 @ 12 0
16 @ 14 0
17 @ 21 0
18 6 19 0
19 @ 21 0
20 @ 16 0
20 @ 18 0
21 @ 25 0
22 7 23 0
23 @ 25 0
24 @ 20 0
24 @ 22 0
25 @ 29 0
26 8 27 0
27 @ 29 0
28 @ 24 0
28 @ 26 0
29 @ 33 0
30 9 31 0
31 @ 33 0
32 @ 28 0
32 @ 30 0
33 @ 37 0
34 0 35 0
35 @ 37 0
36 @ 32 0
36 @ 34 0
37 @ 76 0
38 1 39 0
39 @ 43 0
40 2 41 0
41 @ 43 0
42 @ 38 0
42 @ 40 0
43 @ 47 0
44 3 45 0
45 @ 47 0
46 @ 42 0
46 @ 44 0
47 @ 51 0
48 4 49 0
49 @ 51 0
50 @ 46 0
50 @ 48 0
51 @ 55 0
52 5 53 0
53 @ 55 0
54 @ 50 0
54 @ 52 0
55 @ 59 0
56 6 57 0
57 @ 59 0
58 @ 54 0
58 @ 56 0
59 @ 63 0
60 7 61 0
61 @ 63 0
62 @ 58 0
62 @ 60 0
63 @ 67 0
64 8 65 0
65 @ 67 0
66 @ 62 0
66 @ 64 0
67 @ 71 0
68 9 69 0
69 @ 71 0
70 @ 66 0
70 @ 68 0
71 @ 75 0
72 0 73 0
73 @ 75 0
74 @ 70 0
74 @ 72 0
75 @ 76 0
75 @ 77 1
76 @ 74 0
76 @ 77 1
