245
100
0 a 1 0
1 @ 5 0
2 b 3 0
3 @ 5 0
4 @ 0 0
4 @ 2 0
5 @ 9 0
6 c 7 0
7 @ 9 0
8 @ 4 0
8 @ 6 0
9 @ 13 0
10 d 11 0
11 @ 13 0
12 @ 8 0
12 @ 10 0
13 @ 17 0
14 e 15 0
15 @ 17 0
16 @ 12 0
16 @ 14 0
17 @ 21 0
18 f 19 0
19 @ 21 0
20 @ 16 0
20 @ 18 0
21 @ 25 0
22 g 23 0
23 @ 25 0
24 @ 20 0
24 @ 22 0
25 @ 29 0
26 h 27 0
27 @ 29 0
28 @ 24 0
28 @ 26 0
29 @ 33 0
30 i 31 0
31 @ 33 0
32 @ 28 0
32 @ 30 0
33 @ 37 0
34 j 35 0
35 @ 37 0
36 @ 32 0
36 @ 34 0
37 @ 41 0
38 k 39 0
39 @ 41 0
40 @ 36 0
40 @ 38 0
41 @ 45 0
42 l 43 0
43 @ 45 0
44 @ 40 0
44 @ 42 0
45 @ 49 0
46 m 47 0
47 @ 49 0
48 @ 44 0
48 @ 46 0
49 @ 53 0
50 n 51 0
51 @ 53 0
52 @ 48 0
52 @ 50 0
53 @ 57 0
54 o 55 0
55 @ 57 0
56 @ 52 0
56 @ 54 0
57 @ 61 0
58 p 59 0
59 @ 61 0
60 @ 56 0
60 @ 58 0
61 @ 65 0
62 q 63 0
63 @ 65 0
64 @ 60 0
64 @ 62 0
65 @ 69 0
66 r 67 0
67 @ 69 0
68 @ 64 0
68 @ 66 0
69 @ 73 0
70 s 71 0
71 @ 73 0
72 @ 68 0
72 @ 70 0
73 @ 77 0
74 t 75 0
75 @ 77 0
76 @ 72 0
76 @ 74 0
77 @ 81 0
78 u 79 0
79 @ 81 0
80 @ 76 0
80 @ 78 0
81 @ 85 0
82 v 83 0
83 @ 85 0
84 @ 80 0
84 @ 82 0
85 @ 89 0
86 w 87 0
87 @ 89 0
88 @ 84 0
88 @ 86 0
89 @ 93 0
90 x 91 0
91 @ 93 0
92 @ 88 0
92 @ 90 0
93 @ 97 0
94 y 95 0
95 @ 97 0
96 @ 92 0
96 @ 94 0
97 @ 101 0
98 z 99 0
99 @ 101 0
100 @ 96 0
100 @ 98 0
101 @ 244 0
102 a 103 0
103 @ 107 0
104 b 105 0
105 @ 107 0
106 @ 102 0
106 @ 104 0
107 @ 111 0
108 c 109 0
109 @ 111 0
110 @ 106 0
110 @ 108 0
111 @ 115 0
112 d 113 0
113 @ 115 0
114 @ 110 0
114 @ 112 0
115 @ 119 0
116 e 117 0
117 @ 119 0
118 @ 114 0
118 @ 116 0
119 @ 123 0
120 f 121 0
121 @ 123 0
122 @ 118 0
122 @ 120 0
123 @ 127 0
124 g 125 0
125 @ 127 0
126 @ 122 0
126 @ 124 0
127 @ 131 0
128 h 129 0
129 @ 131 0
130 @ 126 0
130 @ 128 0
131 @ 135 0
132 i 133 0
133 @ 135 0
134 @ 130 0
134 @ 132 0
135 @ 139 0
136 j 137 0
137 @ 139 0
138 @ 134 0
138 @ 136 0
139 @ 143 0
140 k 141 0
141 @ 143 0
142 @ 138 0
142 @ 140 0
143 @ 147 0
144 l 145 0
145 @ 147 0
146 @ 142 0
146 @ 144 0
147 @ 151 0
148 m 149 0
149 @ 151 0
150 @ 146 0
150 @ 148 0
151 @ 155 0
152 n 153 0
153 @ 155 0
154 @ 150 0
154 @ 152 0
155 @ 159 0
156 o 157 0
157 @ 159 0
158 @ 154 0
158 @ 156 0
159 @ 163 0
160 p 161 0
161 @ 163 0
162 @ 158 0
162 @ 160 0
163 @ 167 0
164 q 165 0
165 @ 167 0
166 @ 162 0
166 @ 164 0
167 @ 171 0
168 r 169 0
169 @ 171 0
170 @ 166 0
170 @ 168 0
171 @ 175 0
172 s 173 0
173 @ 175 0
174 @ 170 0
174 @ 172 0
175 @ 179 0
176 t 177 0
177 @ 179 0
178 @ 174 0
178 @ 176 0
179 @ 183 0
180 u 181 0
181 @ 183 0
182 @ 178 0
182 @ 180 0
183 @ 187 0
184 v 185 0
185 @ 187 0
186 @ 182 0
186 @ 184 0
187 @ 191 0
188 w 189 0
189 @ 191 0
190 @ 186 0
190 @ 188 0
191 @ 195 0
192 x 193 0
193 @ 195 0
194 @ 190 0
194 @ 192 0
195 @ 199 0
196 y 197 0
197 @ 199 0
198 @ 194 0
198 @ 196 0
199 @ 203 0
200 z 201 0
201 @ 203 0
202 @ 198 0
202 @ 200 0
203 @ 207 0
204 1 205 0
205 @ 207 0
206 @ 202 0
206 @ 204 0
207 @ 211 0
208 2 209 0
209 @ 211 0
210 @ 206 0
210 @ 208 0
211 @ 215 0
212 3 213 0
213 @ 215 0
214 @ 210 0
214 @ 212 0
215 @ 219 0
216 4 217 0
217 @ 219 0
218 @ 214 0
218 @ 216 0
219 @ 223 0
220 5 221 0
221 @ 223 0
222 @ 218 0
222 @ 220 0
223 @ 227 0
224 6 225 0
225 @ 227 0
226 @ 222 0
226 @ 224 0
227 @ 231 0
228 7 229 0
229 @ 231 0
230 @ 226 0
230 @ 228 0
231 @ 235 0
232 8 233 0
233 @ 235 0
234 @ 230 0
234 @ 232 0
235 @ 239 0
236 9 237 0
237 @ 239 0
238 @ 234 0
238 @ 236 0
239 @ 243 0
240 0 241 0
241 @ 243 0
242 @ 238 0
242 @ 240 0
243 @ 244 0
243 @ 245 1
244 @ 242 0
244 @ 245 1
