0
1 2 3 4 5 6 7 8 9 10 11 12 13 14 15 16 17 18 19 20 21 22 23 24 25 26 27 28 29 30 31 32 33 34 35 36 37 38 39 40 41 42 43 44 45 46 47 48 49 50 51 52 53 54 55 56 57 58 59 60 61 62 
0 a 1 
0 b 2 
0 c 3 
0 d 4 
0 e 5 
0 f 6 
0 g 7 
0 h 8 
0 i 9 
0 j 10 
0 k 11 
0 l 12 
0 m 13 
0 n 14 
0 o 15 
0 p 16 
0 q 17 
0 r 18 
0 s 19 
0 t 20 
0 u 21 
0 v 22 
0 w 23 
0 x 24 
0 y 25 
0 z 26 
1 0 62 
1 1 53 
1 2 54 
1 3 55 
1 4 56 
1 5 57 
1 6 58 
1 7 59 
1 8 60 
1 9 61 
1 a 27 
1 b 28 
1 c 29 
1 d 30 
1 e 31 
1 f 32 
1 g 33 
1 h 34 
1 i 35 
1 j 36 
1 k 37 
1 l 38 
1 m 39 
1 n 40 
1 o 41 
1 p 42 
1 q 43 
1 r 44 
1 s 45 
1 t 46 
1 u 47 
1 v 48 
1 w 49 
1 x 50 
1 y 51 
1 z 52 
